190007190106  -57.58
190107190206 -167.87
190207190306  -32.33
190307190406   86.82
190407190506  -69.21
190507190606  -99.67
190607190706   46.03
190707190806   28.99
190807190906  -52.47
190907191006   44.42
191007191106   11.06
191107191206  -58.81
191207191306  -10.52
191307191406  -76.92
191407191506  -61.51
191507191606  -59.22
191607191706  129.46
191707191806  106.93
191807191906 -117.97
191907192006  -81.10
192007192106  160.63
192107192206  -37.72
192207192306  -43.01
192307192406  -86.50
192407192506   27.92
192507192606  -90.74
192607192706  -47.96
192707192806  -75.93
192807192906  -79.31
192907193006  -64.06
193007193106   18.36
193107193206  -83.24
193207193306  -78.86
193307193406   27.25
193407193506  -87.00
193507193606  -76.61
193607193706  -59.81
193707193806 -101.29
193807193906   -7.61
193907194006  -20.55
194007194106  -14.59
194107194206   -0.34
194207194306  -19.35
194307194406  -78.71
194407194506  -72.99
194507194606  -31.86
194607194706  -53.17
194707194806    2.46
194807194906  -44.38
194907195006   81.50
195007195106   70.71
195107195206 -140.57
195207195306  -23.88
195307195406  -39.51
195407195506  108.13
195507195606  114.79
195607195706  -12.74
195707195806  -87.68
195807195906  -25.95
195907196006  -22.30
196007196106 -102.58
196107196206  -46.26
196207196306   39.88
196307196406 -103.14
196407196506  -94.97
196507196606  -71.43
196607196706   18.95
196707196806   45.06
196807196906  -61.13
196907197006 -116.53
197007197106   11.98
197107197206  -36.10
197207197306    5.34
197307197406  365.83
197407197506   57.62
197507197606  176.43
197607197706   38.12
197707197806  -40.47
197807197906   72.33
197907198006  -30.95
198007198106   15.18
198107198206   22.38
198207198306  -46.97
198307198406   59.58
198407198506  -51.24
198507198606  -80.40
198607198706    0.14
198707198806  -61.47
198807198906   88.44
198907199006  -43.42
199007199106   -4.61
199107199206  -80.15
199207199306    7.38
199307199406  -33.08
199407199506  -11.31
199507199606  -29.51
199607199706   68.58
199707199806   -5.43
199807199906  148.18
199907200006  219.85
200007200106  135.70
200107200206  -29.89
200207200306  -81.18
200307200406   51.83
200407200506 -106.61
200507200606   89.49
200607200706  -22.08
200707200806  -38.35
200807200906   49.22
200907201006   27.31
201007201106  344.52
201107201206   98.53
201207201306  -55.15
201307201406    2.78
201407201506  -50.31
201507201606  -13.10
201607201706  113.72
201707201806  -33.53
201807201906 -119.11
201907202006 -119.53
202007202106   47.24
202107202206   43.38
